# Created by Octave 4.2.0, Fri Feb 24 22:00:49 2017 EST <cliff@Trixie.local>
# name: NoisePart
# type: sparse matrix
# nnz: 565
# rows: 294
# columns: 30
1 1 295
2 1 1
18 1 1
31 1 1
36 1 1
77 1 1
80 1 1
84 1 1
88 1 1
110 1 1
118 1 1
129 1 1
138 1 1
150 1 1
170 1 1
191 1 1
210 1 1
221 1 1
241 1 1
253 1 1
264 1 1
275 1 1
294 1 1
1 2 1
9 2 1
12 2 1
38 2 1
70 2 1
86 2 1
91 2 1
117 2 1
119 2 1
159 2 1
167 2 1
175 2 1
200 2 1
201 2 1
206 2 1
211 2 1
228 2 1
237 2 1
255 2 1
284 2 1
285 2 1
290 2 1
4 3 1
20 3 1
27 3 1
35 3 1
72 3 1
80 3 1
97 3 1
99 3 1
144 3 1
145 3 1
179 3 1
205 3 1
241 3 1
256 3 1
280 3 1
9 4 1
13 4 1
18 4 1
25 4 1
34 4 1
69 4 1
102 4 1
114 4 1
158 4 1
170 4 1
179 4 1
185 4 1
187 4 1
190 4 1
226 4 1
230 4 1
234 4 1
260 4 1
283 4 1
4 5 1
24 5 1
41 5 1
49 5 1
66 5 1
81 5 1
85 5 1
92 5 1
95 5 1
99 5 1
105 5 1
128 5 1
131 5 1
140 5 1
150 5 1
155 5 1
159 5 1
168 5 1
177 5 1
195 5 1
200 5 1
202 5 1
226 5 1
234 5 1
258 5 1
274 5 1
282 5 1
288 5 1
36 6 1
51 6 1
57 6 1
66 6 1
72 6 1
73 6 1
79 6 1
108 6 1
114 6 1
119 6 1
126 6 1
130 6 1
146 6 1
147 6 1
151 6 1
158 6 1
162 6 1
187 6 1
203 6 1
218 6 1
226 6 1
227 6 1
237 6 1
259 6 1
8 7 1
12 7 1
16 7 1
22 7 1
57 7 1
87 7 1
98 7 1
109 7 1
122 7 1
123 7 1
128 7 1
137 7 1
147 7 1
171 7 1
181 7 1
191 7 1
197 7 1
211 7 1
218 7 1
245 7 1
259 7 1
293 7 1
18 8 1
25 8 1
28 8 1
39 8 1
130 8 1
153 8 1
160 8 1
164 8 1
194 8 1
213 8 1
217 8 1
228 8 1
280 8 1
282 8 1
5 9 1
16 9 1
48 9 1
51 9 1
69 9 1
91 9 1
156 9 1
171 9 1
193 9 1
205 9 1
226 9 1
234 9 1
237 9 1
247 9 1
252 9 1
269 9 1
282 9 1
294 9 1
6 10 1
30 10 1
34 10 1
47 10 1
51 10 1
52 10 1
65 10 1
87 10 1
121 10 1
130 10 1
162 10 1
186 10 1
189 10 1
192 10 1
205 10 1
214 10 1
218 10 1
225 10 1
229 10 1
241 10 1
259 10 1
260 10 1
277 10 1
280 10 1
283 10 1
6 11 1
47 11 1
51 11 1
65 11 1
93 11 1
96 11 1
105 11 1
110 11 1
113 11 1
137 11 1
139 11 1
155 11 1
175 11 1
194 11 1
220 11 1
233 11 1
234 11 1
243 11 1
271 11 1
277 11 1
284 11 1
8 12 1
28 12 1
73 12 1
102 12 1
105 12 1
164 12 1
167 12 1
174 12 1
178 12 1
193 12 1
201 12 1
225 12 1
232 12 1
280 12 1
291 12 1
292 12 1
2 13 1
23 13 1
32 13 1
53 13 1
57 13 1
63 13 1
66 13 1
91 13 1
102 13 1
123 13 1
151 13 1
153 13 1
178 13 1
195 13 1
213 13 1
250 13 1
273 13 1
274 13 1
276 13 1
286 13 1
1 14 1
16 14 1
19 14 1
28 14 1
47 14 1
58 14 1
71 14 1
98 14 1
116 14 1
120 14 1
129 14 1
132 14 1
199 14 1
202 14 1
228 14 1
250 14 1
276 14 1
42 15 1
44 15 1
50 15 1
54 15 1
67 15 1
69 15 1
74 15 1
81 15 1
136 15 1
144 15 1
149 15 1
161 15 1
165 15 1
229 15 1
248 15 1
250 15 1
256 15 1
263 15 1
35 16 1
52 16 1
61 16 1
74 16 1
90 16 1
101 16 1
114 16 1
169 16 1
174 16 1
188 16 1
201 16 1
214 16 1
224 16 1
234 16 1
5 17 1
9 17 1
13 17 1
18 17 1
70 17 1
89 17 1
126 17 1
134 17 1
145 17 1
171 17 1
176 17 1
184 17 1
193 17 1
226 17 1
241 17 1
247 17 1
259 17 1
263 17 1
268 17 1
274 17 1
277 17 1
1 18 1
10 18 1
17 18 1
27 18 1
58 18 1
104 18 1
117 18 1
159 18 1
175 18 1
246 18 1
254 18 1
259 18 1
263 18 1
264 18 1
275 18 1
289 18 1
7 19 1
15 19 1
45 19 1
48 19 1
62 19 1
63 19 1
109 19 1
140 19 1
197 19 1
211 19 1
212 19 1
256 19 1
263 19 1
12 20 1
22 20 1
25 20 1
36 20 1
42 20 1
48 20 1
53 20 1
106 20 1
130 20 1
139 20 1
157 20 1
160 20 1
166 20 1
182 20 1
183 20 1
184 20 1
187 20 1
194 20 1
231 20 1
247 20 1
253 20 1
287 20 1
13 21 1
18 21 1
31 21 1
38 21 1
48 21 1
61 21 1
73 21 1
138 21 1
139 21 1
149 21 1
155 21 1
184 21 1
201 21 1
229 21 1
273 21 1
280 21 1
2 22 1
6 22 1
7 22 1
24 22 1
48 22 1
71 22 1
87 22 1
100 22 1
105 22 1
162 22 1
194 22 1
213 22 1
223 22 1
253 22 1
281 22 1
290 22 1
8 23 1
17 23 1
23 23 1
30 23 1
32 23 1
36 23 1
56 23 1
61 23 1
115 23 1
160 23 1
178 23 1
188 23 1
212 23 1
218 23 1
236 23 1
239 23 1
251 23 1
267 23 1
291 23 1
39 24 1
40 24 1
63 24 1
79 24 1
99 24 1
127 24 1
155 24 1
172 24 1
232 24 1
246 24 1
273 24 1
282 24 1
290 24 1
294 24 1
19 25 1
28 25 1
30 25 1
31 25 1
48 25 1
65 25 1
137 25 1
149 25 1
156 25 1
160 25 1
171 25 1
174 25 1
178 25 1
179 25 1
188 25 1
204 25 1
225 25 1
235 25 1
254 25 1
264 25 1
267 25 1
276 25 1
281 25 1
282 25 1
287 25 1
8 26 1
31 26 1
32 26 1
35 26 1
39 26 1
76 26 1
82 26 1
125 26 1
130 26 1
135 26 1
165 26 1
173 26 1
174 26 1
176 26 1
191 26 1
192 26 1
211 26 1
216 26 1
228 26 1
231 26 1
246 26 1
254 26 1
14 27 1
25 27 1
27 27 1
28 27 1
36 27 1
48 27 1
58 27 1
81 27 1
122 27 1
126 27 1
131 27 1
143 27 1
220 27 1
247 27 1
271 27 1
277 27 1
291 27 1
17 28 1
18 28 1
30 28 1
81 28 1
94 28 1
130 28 1
144 28 1
187 28 1
190 28 1
201 28 1
232 28 1
237 28 1
241 28 1
249 28 1
252 28 1
266 28 1
282 28 1
23 29 1
42 29 1
75 29 1
86 29 1
97 29 1
98 29 1
126 29 1
127 29 1
129 29 1
157 29 1
206 29 1
226 29 1
269 29 1
23 30 1
24 30 1
40 30 1
54 30 1
70 30 1
94 30 1
117 30 1
122 30 1
173 30 1
191 30 1
192 30 1
208 30 1
219 30 1
226 30 1
248 30 1
254 30 1
258 30 1
271 30 1


